Agent devices: train=cuda:0, infer=cuda:1, separate_infer=True, inference_stream=no
Device: CUDA
  Model load [------------------------]   0.0%  Model load [########################] 100.0%
  Info: skipped 1 expected checkpoint keys:
    support: keeping configured C51 support
  Info: skipped 1 expected checkpoint keys:
    support: keeping configured C51 support
Partial load (missing=1, unexpected=0)
Loaded v18 model from /home/dave/source/repos/ai/Robotron/models_dqn/robotron_dqn_latest.pt
  No replay buffer found — starting with empty buffer.
Loaded model from: /home/dave/source/repos/ai/Robotron/models_dqn/robotron_dqn_latest.pt


==========================================================================================
                              ROBOTRON AI — Joint DQN Engine                              
==========================================================================================

Architecture:
   State size:       2056  (2056 x 1 frames)
   Single frame:     18 core + 22 ELIST + 112 grouped objects x 18
   Trunk input:      528  (400 raw compact state + additive attention)
   Actions:          9 move x 9 fire (joint 81-action head, idle=8)
   Trunk:            1024 -> 768 -> 512
   Lane attention:   OFF (removed from learner input)
   Object attention: ON (8 heads, dim=128)
   Action attention: ON
   Distributional:   C51 (51 atoms, [-10.0, 50.0])
   Dueling:          ON
   Parameters:       3,610,306 total, 3,610,306 trainable

Training:
   LR:               1.00e-04 -> 5.00e-05 (cosine)
   Batch size:       1024
   gamma = 0.995,  n-step = 16
   PER alpha=0.7, beta=0.4->1.0
   Target update:    every 1000 steps (hard)
   Grad clip:        5.0

Exploration:
   eps:    1.0 -> 0.05 over 2,500,000 learner-controlled frames
   Expert: 60% -> 1% over 300,000 train steps
   BC weight: 1.0 -> 0.05 over 300,000 train steps (after 0 step hold)
   Eval clients: every 10th client at eps=0.01, no replay writes

Services:
   Dashboard:        http://192.168.0.107:8771 (bound 0.0.0.0:8771)

Keys: [q]uit [s]ave [c]lear [h]eader [space]row [o]verride [e]xpert [p]epsilon [t]rain [v]erbose [a]ttention
   [7/8/9] expert-/reset/+   [4/5/6] epsilon-/reset/+   [b] buffer stats   [f] flush buffer

==========================================================================================

Async inference batching enabled: max_batch=128, wait_ms=1.00
Starting keyboard handler thread...
SocketServer listening on 0.0.0.0:9998
Starting stats reporter thread...
      Frame      Steps     FPS    Epsi    Xprt     Scr1M  Lvl1M      Rwrd     Score     Shape     Death DQN100K/F   DQN1M/F   DQN5M/F  DQN10M/F    EvalR   EScr1M  ELvl1M       Loss  AgrM%  AgrF%    EpLen   BCLoss    BCW  SubjW  DqnB%  EpsB%  ExpB%  Sync Clnt  Web  AvgInf  Steps/s   Rpl/F   GrNorm        Q-Range        Mem    HOF        LR    Drop       Tms S/X/C/P
------------------------------------------------------------------------------------------------------------------------------------------------------------------------------------------------------------------------------------------------------------------------------------------------------------------------------------------------------------------------------
401,451,324  2,542,217   479.6      5%      1%     2,949    3.2   -3493.3    5843.8     662.9  -10000.0      12.3      12.3      12.3      12.3      0.0        0     0.0   1.542756  23.5%  27.5%    479.9   4.7736  0.050  0.000  93.9%   5.3%   0.8%    42   31    3   52.51    440.0  939.49    0.147     [-8.1,3.5]       14k    50k   5.0e-05       0          2/1/33/0
401,463,300  2,542,741   331.3      5%      1%     3,817    3.4   -8810.0    2921.7   -1731.7  -10000.0       8.6       8.6       8.6       8.6 -14584.6    3,500     2.0   1.526338  29.0%  33.4%    443.9   3.5804  0.050  0.000  94.5%   4.6%   0.9%    16   31    3   99.57     17.4   53.84    0.171     [-8.1,3.1]       23k    50k   5.0e-05       0          2/1/33/1
401,497,508  2,543,189  3991.2      5%      1%     6,435    3.9   -7814.7    4569.1   -2383.8  -10000.0       7.0       7.0       7.0       7.0 -15843.6    4,219     2.2   1.522712  39.3%  43.5%    716.9   2.8676  0.050  0.000  94.6%   4.2%   1.2%    14   31    3   32.12     14.9    3.83    0.190     [-9.2,9.1]       47k    50k   5.0e-05       0          2/1/33/1
401,630,316  2,543,962  4562.3      5%      1%    14,300    5.5   -4468.9    5277.8     253.3  -10000.0      10.4       9.9       9.9       9.9  -1473.2   12,100     3.2   1.598032  49.3%  54.5%    473.9   3.0169  0.050  0.000  93.4%   5.7%   1.0%    37   31    3    7.40     25.8    5.78    0.582    [-9.7,14.7]      130k    50k   5.0e-05       0          2/1/33/1
401,774,012  2,544,715  4708.8      5%      1%    18,832    6.7   -5166.2    5050.7    -216.9  -10000.0      13.5      11.5      11.5      11.5   2276.4   20,901     3.7   1.766633  50.3%  56.3%    367.9   1.5756  0.050  0.000  92.8%   6.6%   0.6%    40   31    3    7.19     25.0    5.44    0.675     [-9.9,9.9]      212k    50k   5.0e-05       0          3/1/35/1
401,787,836  2,545,489   258.8      5%      1%    19,364    6.8   -4008.5    4876.2    1115.3  -10000.0      13.3      11.5      11.5      11.5  21236.8   23,877     3.8   1.797784  45.9%  53.1%    379.8   2.4266  0.050  0.000  94.2%   4.8%   1.0%    14   31    3  101.58     25.7  101.66    0.472     [-9.8,7.9]      221k    50k   5.0e-05       0          4/1/34/1
401,802,092  2,546,274   332.6      5%      1%    19,888    6.8   -2017.8    6671.2    1311.0  -10000.0      13.7      11.6      11.6      11.6  -2187.5   29,156     4.0   1.799546  43.0%  50.2%    475.6   2.2776  0.050  0.000  94.3%   4.2%   1.5%    49   31    3  101.41     26.2   80.52    0.693    [-9.9,13.1]      229k    50k   5.0e-05       0          2/1/33/1
401,816,180  2,547,056   716.0      5%      1%    20,443    6.9   -3867.4    5641.7     491.0  -10000.0      13.6      11.7      11.7      11.7  -7516.0   28,306     3.9   1.796839  41.0%  48.7%    404.6   1.9339  0.050  0.000  93.8%   5.2%   1.0%    31   31    3  101.16     25.9   37.08    0.421    [-9.7,10.4]      237k    50k   5.0e-05       0          2/1/34/1
401,830,052  2,547,828   702.5      5%      1%    20,874    7.0    -810.2    8160.5    1029.3  -10000.0      14.4      12.0      12.0      12.0  -1749.8   29,729     4.0   1.801963  40.5%  47.7%    348.1   1.7166  0.050  0.000  94.5%   4.8%   0.7%     3   31    3  101.62     25.7   37.39    0.429    [-9.9,12.3]      245k    50k   5.0e-05       0          2/1/33/1
Client 29 disconnected: EOF
Client 24 disconnected: EOF
Client 27 disconnected: EOF
Client 9 disconnected: EOF
Client 14 disconnected: EOF
Client 10 disconnected: EOF
Client 3 disconnected: EOF
Client 15 disconnected: EOF
Client 17 disconnected: EOF
Client 2 disconnected: EOF
Client 30 disconnected: EOF
Client 13 disconnected: EOF
Client 6 disconnected: EOF
Client 22 disconnected: EOF
Client 21 disconnected: EOF
Client 19 disconnected: EOF
Client 4 disconnected: EOF
Client 0 disconnected: EOF
Client 16 disconnected: EOF
Client 20 disconnected: EOF
Client 12 disconnected: EOF
Client 25 disconnected: EOF
Client 26 disconnected: EOF
Client 18 disconnected: EOF
Client 7 disconnected: EOF
Client 11 disconnected: EOF
Client 23 disconnected: EOF
Client 1 disconnected: EOF
Client 8 disconnected: EOF
Client 28 disconnected: EOF
Client 5 disconnected: EOF
401,852,470  2,548,611  5217.5      5%      1%    20,791    7.1   -6522.9    2919.0     558.1  -10000.0      14.8      12.1      12.1      12.1 -10000.0   27,927     3.8   1.805860  39.2%  46.3%    225.0   2.1633  0.050  0.000  93.7%   5.4%   1.0%    36   22    3   68.74     26.1    5.12    0.589    [-9.4,10.9]      256k    50k   5.0e-05       0          3/1/35/1
401,964,902  2,549,362  4171.6      5%      1%    19,612    7.3   -6883.5    4600.8   -1484.2  -10000.0      14.9      12.6      12.6      12.6 -10625.0   24,320     3.4   1.785160  41.0%  47.4%    309.2   2.0841  0.050  0.000  94.0%   4.7%   1.3%    37   22    3    6.91     25.0    6.13    0.406   [-10.0,16.7]      319k    50k   5.0e-05       0          3/1/35/1
402,073,246  2,550,109  3368.3      5%      1%    21,846    7.5   -4102.0    5877.8      20.2  -10000.0      16.0      13.3      13.3      13.3  -1429.7   30,341     3.8   1.803641  42.2%  49.2%    341.0   2.4774  0.050  0.000  93.4%   5.7%   1.0%    34   22    3    7.06     24.9    7.57    0.912    [-9.6,13.1]      380k    50k   5.0e-05       0          2/1/34/1
402,187,950  2,550,855  3943.5      5%      1%    24,180    7.8   -5509.5    4616.4    -125.9  -10000.0      15.8      13.5      13.5      13.5    -15.2   45,102     4.4   1.806446  43.0%  49.9%    311.4   2.3816  0.050  0.000  94.7%   4.7%   0.6%    30   22    3    7.00     24.8    6.45    1.023    [-9.7,11.8]      440k    50k   5.0e-05       0          3/1/34/1
402,297,854  2,551,604  3332.0      5%      1%    23,956    7.9   -4302.8    5515.2     182.0  -10000.0      15.8      13.9      13.9      13.9 -16205.4   41,760     4.2   1.818675  44.1%  50.2%    333.3   2.7758  0.050  0.000  95.5%   3.9%   0.6%    29   22    3    7.01     24.9    7.66    0.581    [-9.9,11.7]      501k    50k   5.0e-05       0          3/1/35/1
402,407,950  2,552,357  3354.6      5%      1%    24,608    8.0   -4229.8    5386.7     383.6  -10000.0      16.7      14.2      14.2      14.2  -5360.7   39,671     4.2   1.822121  44.7%  50.5%    335.8   1.2692  0.050  0.000  93.9%   5.1%   1.0%    32   22    3    7.05     25.0    7.64    0.677    [-9.8,11.4]      563k    58k   5.0e-05       0          3/1/33/1
402,521,046  2,553,109  3268.1      5%      1%    27,559    8.1   -4434.0    5620.2     -54.2  -10000.0      17.0      14.4      14.4      14.4   -757.7   42,711     4.3   1.827099  45.5%  51.0%    339.2   3.2350  0.050  0.000  94.3%   4.9%   0.8%    34   22    3    6.94     25.0    7.84    0.555     [-8.5,9.6]      625k    70k   5.0e-05       0          3/1/35/1
402,634,030  2,553,854  3580.0      5%      1%    28,647    8.5   -4886.0    4828.1     286.0  -10000.0      15.8      14.4      14.4      14.4  -4134.3   44,137     4.4   1.823960  45.8%  50.8%    331.2   3.5498  0.050  0.000  94.2%   5.0%   0.8%    29   22    3    6.93     24.8    7.10    0.576    [-9.7,14.4]      686k    80k   5.0e-05       0          3/1/34/1
402,744,374  2,554,607  3711.6      5%      1%    29,036    8.7   -5187.1    5114.1    -301.2  -10000.0      14.9      14.5      14.5      14.5   2597.8   46,439     4.5   1.829372  45.2%  50.8%    338.0   2.7289  0.050  0.000  93.9%   4.7%   1.4%    32   22    3    6.98     25.1    6.92    0.647     [-9.6,9.6]      748k    82k   5.0e-05       0          3/1/35/1
402,853,470  2,555,358  3537.0      5%      1%    29,028    8.7   -4450.0    5866.2    -316.2  -10000.0      16.2      14.6      14.6      14.6 -20252.6   47,613     4.5   1.832740  44.7%  50.4%    357.5   3.1443  0.050  0.000  94.2%   4.5%   1.3%    33   22    3    7.01     25.0    7.23    1.017   [-10.0,13.1]      810k    84k   5.0e-05       0          3/1/34/1
402,968,278  2,556,105  4401.4      5%      1%    30,373    8.7   -5023.9    5113.3    -137.2  -10000.0      15.6      14.7      14.7      14.7  -7110.3   47,318     4.5   1.831934  44.3%  50.0%    314.2   1.4868  0.050  0.000  93.8%   5.5%   0.7%    30   22    3    7.02     24.9    5.79    0.726    [-9.9,11.0]      871k    88k   5.0e-05       0          3/1/34/1
403,080,702  2,556,853  4070.2      5%      1%    30,065    8.8   -5110.1    4618.6     271.3  -10000.0      14.9      14.7      14.7      14.7  -5270.5   46,659     4.5   1.823583  43.7%  49.3%    314.2   2.4448  0.050  0.000  93.4%   5.5%   1.2%    28   22    3    7.08     24.9    6.26    0.578    [-9.8,12.9]      931k    91k   5.0e-05       0          3/1/34/1
403,194,038  2,557,605  2940.5      5%      1%    28,831    8.8   -5980.2    4167.8    -148.0  -10000.0      14.1      14.6      14.6      14.6 -10332.9   46,271     4.5   1.819929  43.3%  48.1%    317.9   1.4618  0.050  0.000  95.8%   3.3%   0.9%    30   22    3    6.97     25.0    8.71    1.009    [-9.7,13.7]      993k    94k   5.0e-05       0          3/1/35/1
403,307,470  2,558,355  3723.1      5%      1%    28,396    8.7   -6238.1    3994.0    -232.0  -10000.0      12.4      14.8      14.5      14.5  -3537.5   45,045     4.4   1.815206  42.6%  48.5%    321.8   2.7593  0.050  0.000  94.4%   4.4%   1.2%    30   22    3    6.99     25.0    6.88    0.737    [-9.7,12.0]     1054k    95k   5.0e-05       0          3/1/35/1
403,415,350  2,559,101  3795.2      5%      1%    28,120    8.7   -4730.7    5275.9      -6.6  -10000.0      13.5      15.0      14.5      14.5  -2709.2   47,309     4.5   1.820181  43.0%  48.7%    359.6   2.8333  0.050  0.000  94.5%   4.3%   1.2%    26   22    3    7.10     24.8    6.70    1.539    [-9.8,11.1]     1115k    95k   5.0e-05       0          4/1/37/1
403,526,174  2,559,851  4286.5      5%      1%    27,511    8.7   -5015.0    4977.0       8.1  -10000.0      15.3      15.2      14.5      14.5  -3160.0   47,642     4.5   1.819878  43.8%  48.7%    340.1   3.1161  0.050  0.000  93.7%   5.2%   1.2%    26   22    3    7.00     24.9    5.95    1.054    [-9.9,15.0]     1177k    98k   5.0e-05       0          2/1/34/1
403,634,982  2,560,605  3736.0      5%      1%    27,717    8.7   -5236.7    5442.4    -679.1  -10000.0      14.7      15.2      14.5      14.5   1358.8   49,128     4.6   1.824230  43.8%  49.0%    367.2   3.0399  0.050  0.000  95.0%   4.2%   0.8%    30   22    3    6.89     25.1    6.88    0.689    [-9.8,13.4]     1239k   101k   5.0e-05       0          3/1/35/1
403,743,558  2,561,364  2982.4      5%      1%    28,077    8.7   -5473.1    4871.4    -344.4  -10000.0      14.4      15.1      14.5      14.5  -8262.7   50,087     4.6   1.813807  44.2%  49.1%    345.1   4.3237  0.050  0.000  93.7%   5.5%   0.9%    39   22    3    6.91     25.3    8.68    0.840    [-8.9,14.4]     1302k   102k   5.0e-05       0          3/1/35/1
403,862,694  2,562,116  4064.5      5%      1%    27,314    8.7   -5647.2    4311.6      41.3  -10000.0      13.9      14.9      14.5      14.5  -8915.5   48,870     4.5   1.815235  44.0%  48.6%    305.7   3.9428  0.050  0.000  93.5%   5.6%   1.0%    41   22    3    6.91     25.0    6.31    0.738    [-9.0,11.3]     1363k   102k   5.0e-05       0          3/1/37/1
403,973,782  2,562,865  4118.0      5%      1%    26,644    8.7   -6227.1    4501.1    -728.2  -10000.0      13.1      14.8      14.4      14.4  -2938.3   48,141     4.5   1.816833  44.1%  49.0%    344.2   2.6457  0.050  0.000  94.6%   4.3%   1.1%    40   22    3    6.89     24.9    6.19    0.875    [-9.8,12.6]     1425k   102k   5.0e-05       0          3/1/35/1
404,088,694  2,563,611  3377.7      5%      1%    25,738    8.7   -6151.5    4201.2    -352.6  -10000.0      12.5      14.6      14.4      14.4   -442.4   49,394     4.6   1.816114  43.7%  48.2%    324.4   2.7774  0.050  0.000  95.0%   4.0%   1.0%    36   22    3    6.89     24.9    7.54    0.809     [-8.6,8.5]     1487k   102k   5.0e-05       0          3/1/36/1
      Frame      Steps     FPS    Epsi    Xprt     Scr1M  Lvl1M      Rwrd     Score     Shape     Death DQN100K/F   DQN1M/F   DQN5M/F  DQN10M/F    EvalR   EScr1M  ELvl1M       Loss  AgrM%  AgrF%    EpLen   BCLoss    BCW  SubjW  DqnB%  EpsB%  ExpB%  Sync Clnt  Web  AvgInf  Steps/s   Rpl/F   GrNorm        Q-Range        Mem    HOF        LR    Drop       Tms S/X/C/P
------------------------------------------------------------------------------------------------------------------------------------------------------------------------------------------------------------------------------------------------------------------------------------------------------------------------------------------------------------------------------
404,202,638  2,564,358  3595.7      5%      1%    24,969    8.6   -6415.8    4093.3    -509.0  -10000.0      13.0      14.4      14.3      14.3 -11129.1   48,238     4.5   1.813690  43.5%  47.9%    326.4   3.1917  0.050  0.000  94.1%   4.6%   1.3%    33   22    3    6.91     24.9    7.08    0.677    [-9.9,13.9]     1549k   102k   5.0e-05       0          3/1/36/1
404,314,942  2,565,104  3535.3      5%      1%    25,460    8.6   -5235.7    4934.5    -170.2  -10000.0      13.5      14.3      14.3      14.3   7765.4   49,133     4.6   1.806525  43.3%  47.8%    331.5   2.3937  0.050  0.000  94.2%   5.2%   0.6%    29   22    3    7.00     24.8    7.18    0.756    [-9.8,13.0]     1610k   102k   5.0e-05       0          3/1/37/1
404,426,430  2,565,857  3466.1      5%      1%    25,580    8.6   -5908.1    4563.3    -471.4  -10000.0      14.0      14.2      14.3      14.3  -2984.8   52,210     4.7   1.802608  43.7%  48.1%    330.6   2.2850  0.050  0.000  94.4%   5.0%   0.6%    32   22    3    6.88     25.1    7.41    1.185    [-9.9,11.3]     1672k   103k   5.0e-05       0          3/1/33/1
404,536,838  2,566,607  3761.8      5%      1%    23,965    8.6   -7119.3    4347.1   -1466.5  -10000.0      12.6      14.0      14.2      14.2 -16209.3   50,761     4.6   1.813086  43.4%  48.0%    351.0   3.6147  0.050  0.000  93.9%   5.5%   0.6%    32   22    3    7.00     25.0    6.80    0.772    [-9.6,12.1]     1733k   104k   5.0e-05       0          2/1/39/1
404,648,670  2,567,356  3677.3      5%      1%    23,037    8.5   -5897.9    4187.4     -85.3  -10000.0      13.0      13.9      14.2      14.2 -11008.5   49,679     4.5   1.813414  43.3%  47.9%    318.8   2.1240  0.050  0.000  95.0%   4.3%   0.7%    31   22    3    7.04     24.9    6.93    0.946    [-9.9,11.0]     1794k   104k   5.0e-05       0          4/1/32/1
404,762,614  2,568,101  3643.8      5%      1%    22,093    8.5   -5424.8    4483.7      91.5  -10000.0      14.2      13.7      14.2      14.2  -9515.5   49,403     4.5   1.813288  43.3%  47.5%    318.6   4.5481  0.050  0.000  94.4%   5.2%   0.4%    26   22    3    6.95     24.8    6.98    0.941   [-10.0,13.2]     1855k   104k   5.0e-05       0          3/1/34/1
404,875,894  2,568,847  3465.7      5%      1%    21,816    8.5   -5806.8    4110.4      82.9  -10000.0      13.8      13.6      14.2      14.2 -11765.0   48,833     4.5   1.814612  42.7%  46.8%    304.8   4.0563  0.050  0.000  93.6%   5.7%   0.8%    22   22    3    6.98     24.8    7.34    1.086    [-9.8,11.8]     1916k   105k   5.0e-05       0          3/1/34/1
404,993,062  2,569,593  3381.3      5%      1%    21,799    8.5   -5684.9    4127.8     187.3  -10000.0      13.6      13.6      14.1      14.1  -6629.2   47,884     4.5   1.802698  42.8%  47.1%    296.3   4.3550  0.050  0.000  93.6%   5.4%   1.1%    18   22    3    6.90     24.8    7.52    0.923    [-9.8,14.2]     1978k   105k   5.0e-05       0          3/1/34/1
405,108,310  2,570,338  4092.6      5%      1%    21,464    8.5   -5853.1    4347.3    -200.4  -10000.0      13.6      13.7      14.1      14.1  -6696.4   47,184     4.4   1.805302  42.6%  46.8%    318.2   2.7888  0.050  0.000  94.5%   4.0%   1.5%    13   22    3    6.90     24.8    6.21    0.871    [-9.6,13.0]     2040k   105k   5.0e-05       0          3/1/35/1
405,220,254  2,571,081  3661.5      5%      1%    21,475    8.5   -6316.7    4013.8    -330.5  -10000.0      12.3      13.6      14.0      14.0  -3756.5   47,244     4.4   1.805677  42.3%  46.8%    351.0   3.8240  0.050  0.000  93.8%   4.9%   1.4%     6   22    3    6.99     24.7    6.92    1.030    [-8.8,14.3]     2101k   105k   5.0e-05       0          3/1/35/1
Client 21 disconnected: EOF
405,333,165  2,571,827  3527.3      5%      1%    20,498    8.5   -6509.1    3747.2    -256.3  -10000.0      11.8      13.4      14.0      14.0  -3679.7   46,484     4.4   1.807914  42.4%  46.9%    315.0   3.3996  0.050  0.000  93.0%   6.4%   0.6%     2   22    3    7.05     24.8    7.20    0.794    [-9.5,13.1]     2162k   105k   5.0e-05       0          3/1/36/1
405,449,197  2,572,563  3694.3      5%      1%    19,572    8.5   -6513.8    3601.1    -114.9  -10000.0      12.7      13.3      14.0      14.0  -5734.1   45,979     4.4   1.804796  42.3%  47.0%    276.0   2.2050  0.050  0.000  93.8%   5.5%   0.8%    38   22    3    7.05     24.5    6.79    0.994    [-9.9,10.5]     2221k   105k   5.0e-05       0          3/1/34/1
405,562,789  2,573,298  4004.2      5%      1%    19,640    8.5   -6664.0    4109.2    -773.2  -10000.0      12.5      13.2      13.9      13.9  -4379.2   45,789     4.4   1.801815  42.3%  46.6%    322.2   2.8057  0.050  0.000  95.1%   4.6%   0.3%    23   22    3    7.02     24.5    6.26    1.012    [-9.7,12.4]     2282k   105k   5.0e-05       0          3/1/37/1
405,675,093  2,574,040  4301.4      5%      1%    19,480    8.6   -6393.5    3962.6    -356.1  -10000.0      13.2      13.0      13.9      13.9   3364.0   45,971     4.4   1.799740  41.6%  46.3%    322.3   3.1327  0.050  0.000  93.7%   5.0%   1.4%    15   22    3    6.94     24.7    5.89    0.821     [-9.8,6.4]     2343k   105k   5.0e-05       0          3/1/34/1
405,789,573  2,574,778  3820.4      5%      1%    18,799    8.6   -6954.9    3477.7    -432.6  -10000.0      12.4      13.0      13.8      13.8  -6379.8   47,229     4.5   1.805348  41.6%  46.0%    292.9   2.5865  0.050  0.000  93.9%   4.8%   1.3%     3   22    3    7.03     24.6    6.58    1.051    [-9.4,11.8]     2403k   105k   5.0e-05       0          3/1/35/1
405,903,309  2,575,515  4087.2      5%      1%    18,155    8.5   -6241.9    4182.3    -424.2  -10000.0      12.2      13.0      13.8      13.8 -10674.4   46,599     4.4   1.813236  40.9%  46.0%    322.1   2.0786  0.050  0.000  94.9%   4.6%   0.5%    40   22    3    6.99     24.5    6.15    1.367    [-9.9,12.1]     2464k   105k   5.0e-05       0          3/1/34/1
406,017,565  2,576,250  4152.9      5%      1%    17,720    8.5   -6988.1    3641.6    -629.8  -10000.0      12.3      12.9      13.8      13.8 -11125.4   46,132     4.4   1.813950  41.2%  46.0%    299.9   3.9627  0.050  0.000  94.0%   5.0%   1.0%    25   22    3    7.01     24.5    6.03    0.910     [-9.9,6.7]     2524k   105k   5.0e-05       0          3/1/35/1
406,131,477  2,576,987  3647.3      5%      1%    17,177    8.5   -6237.3    3813.8     -51.2  -10000.0      12.4      12.9      13.7      13.7 -10486.3   45,374     4.4   1.814440  41.0%  45.8%    305.6   2.9218  0.050  0.000  94.0%   4.7%   1.3%    12   22    3    7.00     24.5    6.88    0.706    [-9.5,12.9]     2585k   106k   5.0e-05       0          3/1/36/1
406,242,485  2,577,717  3736.7      5%      1%    17,074    8.5   -5634.8    4556.4    -191.2  -10000.0      13.2      12.8      13.7      13.7  -8317.8   44,753     4.3   1.822685  41.1%  45.8%    337.5   2.8982  0.050  0.000  94.3%   4.4%   1.3%    42   22    3    7.08     24.4    6.67    0.811    [-9.7,11.8]     2645k   106k   5.0e-05       0          3/1/34/1
406,356,181  2,578,452  3897.1      5%      1%    17,593    8.5   -6257.0    3797.3     -54.3  -10000.0      13.3      12.8      13.7      13.7  -1809.7   44,546     4.3   1.813504  41.2%  46.2%    302.1   3.0355  0.050  0.000  94.4%   4.5%   1.1%    27   22    3    7.00     24.5    6.43    1.286    [-9.5,13.1]     2706k   108k   5.0e-05       0          3/1/32/1
406,472,325  2,579,187  2947.1      5%      1%    17,483    8.5   -5928.4    4047.9      23.7  -10000.0      12.9      12.9      13.7      13.7  -4214.1   44,449     4.3   1.811781  40.9%  46.3%    302.4   2.1586  0.050  0.000  95.1%   4.1%   0.8%    12   22    3    6.94     24.4    8.49    1.033    [-9.8,13.4]     2767k   108k   5.0e-05       0          3/1/37/2
406,589,189  2,579,923  4998.2      5%      1%    17,688    8.5   -6110.3    3884.6       5.1  -10000.0      13.1      12.8      13.7      13.7 -18685.8   43,783     4.3   1.819428  40.5%  45.9%    304.1   2.9956  0.050  0.000  93.8%   5.6%   0.7%    48   22    3    6.89     24.5    5.03    0.964    [-8.5,12.0]     2828k   108k   5.0e-05       0          3/1/34/1
406,707,333  2,580,657  3878.1      5%      1%    17,341    8.5   -6369.7    3716.6     -86.3  -10000.0      13.3      12.8      13.7      13.7  -1198.4   43,938     4.3   1.821548  40.7%  45.6%    263.9   3.2511  0.050  0.000  93.8%   5.9%   0.4%    32   22    3    6.99     24.4    6.45    0.851    [-9.7,12.0]     2888k   108k   5.0e-05       0          3/1/33/1
406,823,573  2,581,393  3883.5      5%      1%    18,215    8.5   -5362.7    4368.4     269.0  -10000.0      14.7      12.8      13.7      13.7  -8117.8   43,963     4.3   1.812403  40.5%  45.7%    296.4   2.7126  0.050  0.000  94.0%   5.0%   1.0%    18   22    3    6.98     24.5    6.45    1.309    [-10.0,8.5]     2949k   108k   5.0e-05       0          3/1/35/1
406,934,717  2,582,133  3865.1      5%      1%    17,882    8.5   -7048.2    3344.5    -392.8  -10000.0      12.9      12.7      13.7      13.7 -14356.1   43,549     4.3   1.809657  40.3%  45.1%    307.8   2.0608  0.050  0.000  95.4%   3.7%   0.9%     8   22    3    7.14     24.6    6.53    0.911   [-10.0,14.1]     3009k   109k   5.0e-05       0          3/1/35/1
407,050,477  2,582,871  4521.5      5%      1%    18,280    8.6   -5538.0    4150.7     311.3  -10000.0      12.5      12.8      13.7      13.7  -8118.4   42,979     4.3   1.808660  40.1%  45.1%    308.3   3.4570  0.050  0.000  94.3%   4.5%   1.2%    46   22    3    6.91     24.6    5.57    0.878    [-9.8,11.5]     3070k   109k   5.0e-05       0          3/1/34/1
407,164,253  2,583,607  3350.3      5%      1%    18,912    8.6   -6667.4    3523.1    -190.5  -10000.0      12.9      12.7      13.6      13.6  -4022.8   42,940     4.3   1.801793  40.2%  44.9%    308.6   2.2637  0.050  0.000  94.9%   4.7%   0.4%    32   22    3    7.07     24.5    7.49    1.150    [-9.4,12.8]     3130k   109k   5.0e-05       0          3/1/33/1
407,275,805  2,584,346  3441.5      5%      1%    18,588    8.6   -5434.7    4159.9     405.4  -10000.0      12.2      12.8      13.6      13.6 -12682.4   42,360     4.2   1.814937  40.3%  45.6%    325.2   2.4654  0.050  0.000  94.2%   4.3%   1.5%    21   22    3    6.98     24.6    7.31    1.333    [-8.6,10.7]     3191k   109k   5.0e-05       0          3/1/34/1
407,391,605  2,585,082  4231.5      5%      1%    18,419    8.6   -6330.0    3879.7    -209.7  -10000.0      13.1      12.8      13.6      13.6  -2464.2   42,188     4.2   1.806750  40.4%  45.4%    299.4   2.8436  0.050  0.000  94.4%   4.5%   1.1%     7   22    3    6.99     24.5    5.93    0.881    [-9.7,15.9]     3252k   109k   5.0e-05       0          3/1/34/1
407,508,021  2,585,822  3943.3      5%      1%    18,479    8.6   -5601.2    4096.8     302.0  -10000.0      13.1      12.8      13.6      13.6   1875.2   42,545     4.2   1.800425  40.0%  45.2%    297.3   2.8722  0.050  0.000  93.3%   5.7%   1.1%    47   22    3    6.99     24.7    6.41    1.122    [-9.8,13.6]     3312k   109k   5.0e-05       0          3/1/34/1
      Frame      Steps     FPS    Epsi    Xprt     Scr1M  Lvl1M      Rwrd     Score     Shape     Death DQN100K/F   DQN1M/F   DQN5M/F  DQN10M/F    EvalR   EScr1M  ELvl1M       Loss  AgrM%  AgrF%    EpLen   BCLoss    BCW  SubjW  DqnB%  EpsB%  ExpB%  Sync Clnt  Web  AvgInf  Steps/s   Rpl/F   GrNorm        Q-Range        Mem    HOF        LR    Drop       Tms S/X/C/P
------------------------------------------------------------------------------------------------------------------------------------------------------------------------------------------------------------------------------------------------------------------------------------------------------------------------------------------------------------------------------
407,620,517  2,586,566  3902.8      5%      1%    19,235    8.6   -5388.8    4153.9     457.4  -10000.0      13.3      12.9      13.6      13.6  -3617.2   42,654     4.2   1.800319  40.3%  45.0%    326.7   3.7893  0.050  0.000  95.2%   4.5%   0.3%    41   22    3    6.83     24.8    6.50    1.618    [-9.8,14.6]     3374k   110k   5.0e-05       0          3/1/36/1
407,737,725  2,587,302  5170.9      5%      1%    19,133    8.7   -6409.0    3786.2    -195.1  -10000.0      12.5      13.0      13.6      13.6  -2311.1   42,731     4.2   1.808461  40.0%  45.0%    289.5   3.3129  0.050  0.000  93.8%   5.2%   1.1%    27   22    3    7.01     24.5    4.85    0.996    [-9.6,13.8]     3434k   110k   5.0e-05       0          3/1/34/1
407,854,109  2,588,043  3494.8      5%      1%    18,355    8.6   -6671.2    3473.2    -144.4  -10000.0      11.9      12.9      13.5      13.5  -5345.3   42,817     4.3   1.803763  39.7%  44.7%    290.0   2.2010  0.050  0.000  94.2%   5.2%   0.6%    18   22    3    6.91     24.7    7.24    1.044    [-9.5,13.9]     3495k   110k   5.0e-05       0          2/1/34/1
407,969,309  2,588,781  4761.7      5%      1%    18,899    8.6   -5850.6    3917.0     232.4  -10000.0      12.1      12.9      13.5      13.5 -16597.7   42,425     4.2   1.799760  39.2%  44.6%    308.2   2.4567  0.050  0.000  94.8%   4.2%   1.0%     6   22    3    6.91     24.5    5.28    0.863     [-9.8,6.6]     3556k   110k   5.0e-05       0          3/1/34/1
408,084,821  2,589,514  3864.8      5%      1%    18,818    8.6   -5790.6    4090.5     118.9  -10000.0      13.2      12.9      13.5      13.5  -6584.2   42,446     4.2   1.805814  39.3%  45.0%    305.7   4.0912  0.050  0.000  93.9%   5.2%   0.9%    39   22    3    6.88     24.4    6.47    0.959    [-9.4,11.1]     3617k   111k   5.0e-05       0          3/1/35/1
408,200,957  2,590,252  4353.2      5%      1%    18,586    8.6   -6372.1    3799.1    -171.2  -10000.0      12.6      12.8      13.5      13.5  -4979.9   42,374     4.3   1.813088  39.3%  44.6%    305.4   3.5179  0.050  0.000  93.2%   5.7%   1.2%    27   22    3    6.91     24.5    5.77    0.841   [-10.0,13.6]     3678k   111k   5.0e-05       0          3/1/36/1
408,316,661  2,590,992  3871.3      5%      1%    18,175    8.6   -6631.1    3559.8    -191.0  -10000.0      12.6      12.9      13.5      13.5  -5513.7   42,144     4.2   1.811164  39.7%  44.8%    296.4   3.3261  0.050  0.000  94.2%   4.7%   1.1%    17   22    3    7.05     24.7    6.52    0.961    [-9.5,12.5]     3738k   111k   5.0e-05       0          3/1/34/1
408,432,149  2,591,729  4253.0      5%      1%    17,539    8.6   -6416.2    3751.0    -167.2  -10000.0      12.1      12.8      13.5      13.5  -1404.4   41,828     4.2   1.804159  38.5%  44.9%    304.9   3.1068  0.050  0.000  93.8%   4.6%   1.7%     4   22    3    6.92     24.5    5.91    0.996    [-9.8,13.6]     3799k   111k   5.0e-05       0          3/1/35/1
408,550,453  2,592,470  4150.6      5%      1%    17,097    8.5   -6365.5    3543.6      90.9  -10000.0      12.4      12.8      13.4      13.4   -187.3   42,090     4.3   1.803718  38.5%  44.0%    286.9   3.1382  0.050  0.000  93.8%   4.9%   1.4%    45   22    3    6.92     24.7    6.08    0.731    [-9.8,11.5]     3860k   111k   5.0e-05       0          3/1/36/1
408,665,813  2,593,207  4238.2      5%      1%    16,426    8.5   -6288.6    3839.9    -128.5  -10000.0      12.6      12.6      13.4      13.4  -3384.7   41,868     4.2   1.803474  38.9%  44.5%    301.4   2.3416  0.050  0.000  94.3%   4.4%   1.3%    32   22    3    7.04     24.5    5.92    0.855    [-9.1,12.5]     3920k   111k   5.0e-05       0          3/1/34/1
408,781,797  2,593,940  3879.8      5%      1%    16,433    8.5   -6174.1    3570.9     255.0  -10000.0      12.4      12.6      13.4      13.4  -2468.8   42,389     4.3   1.802227  38.8%  44.9%    280.1   3.2059  0.050  0.000  93.6%   5.3%   1.2%    15   22    3    6.96     24.4    6.45    0.856    [-9.2,14.2]     3980k   111k   5.0e-05       0          3/1/34/1
408,898,453  2,594,679  3660.5      5%      1%    17,001    8.5   -6309.1    3723.7     -32.8  -10000.0      12.5      12.7      13.4      13.4  -3985.2   42,309     4.3   1.794506  38.7%  44.3%    303.4   3.4829  0.050  0.000  94.3%   4.8%   0.9%     4   22    3    7.06     24.6    6.87    0.898   [-10.0,12.4]     4041k   111k   5.0e-05       0          3/1/35/1
409,011,981  2,595,420  4259.9      5%      1%    16,667    8.5   -6655.6    3478.1    -133.8  -10000.0      11.3      12.5      13.4      13.4  -5587.0   42,268     4.3   1.801402  38.9%  44.4%    323.5   2.0655  0.050  0.000  94.5%   4.7%   0.8%    45   22    3    6.96     24.7    5.94    1.391    [-9.7,12.8]     4102k   111k   5.0e-05       0          3/1/37/1
409,126,221  2,596,162  3972.7      5%      1%    16,309    8.5   -5711.2    3866.1     422.8  -10000.0      11.4      12.5      13.3      13.3  -4335.6   42,080     4.3   1.796951  38.6%  44.5%    306.1   2.6378  0.050  0.000  92.9%   6.2%   1.0%    37   22    3    7.00     24.7    6.37    0.788    [-9.9,11.0]     4163k   111k   5.0e-05       0          3/1/33/1
409,243,181  2,596,898  3272.8      5%      1%    15,636    8.5   -6963.2    3264.3    -227.6  -10000.0      12.1      12.4      13.3      13.3  -9056.5   41,625     4.2   1.792510  38.7%  44.6%    278.2   3.0095  0.050  0.000  93.9%   5.0%   1.1%    23   22    3    7.09     24.5    7.66    1.121    [-9.3,10.7]     4222k   111k   5.0e-05       0          3/1/35/1
409,358,469  2,597,634  4095.4      5%      1%    16,066    8.5   -5876.4    3766.6     357.0  -10000.0      12.6      12.5      13.3      13.3 -22713.0   41,367     4.2   1.806261  38.7%  45.0%    289.7   2.8113  0.050  0.000  94.4%   4.7%   0.9%     9   22    3    6.94     24.5    6.13    1.326    [-9.9,11.6]     4283k   111k   5.0e-05       0          3/1/36/1
409,472,997  2,598,372  3365.5      5%      1%    16,487    8.5   -6352.0    3478.3     169.6  -10000.0      12.8      12.4      13.3      13.3   -113.1   41,212     4.2   1.802203  38.8%  44.9%    297.9   3.3051  0.050  0.000  94.0%   5.3%   0.7%    47   22    3    7.07     24.6    7.47    0.774    [-9.8,13.6]     4343k   112k   5.0e-05       0          3/1/35/1
409,587,917  2,599,112  4117.3      5%      1%    16,540    8.6   -5883.2    3962.4     154.5  -10000.0      12.4      12.3      13.3      13.3  -8758.7   41,140     4.2   1.804154  38.9%  44.6%    307.8   2.5955  0.050  0.000  93.8%   5.4%   0.8%    37   22    3    6.96     24.6    6.13    0.825    [-9.7,12.5]     4403k   112k   5.0e-05       0          3/1/37/1
409,701,613  2,599,849  3198.1      5%      1%    16,796    8.5   -6049.8    3694.0     256.2  -10000.0      12.9      12.4      13.3      13.3  -7916.9   40,781     4.2   1.791336  38.8%  44.8%    289.5   2.7000  0.050  0.000  94.0%   5.3%   0.7%    24   22    3    7.06     24.5    7.84    0.900    [-9.9,10.9]     4464k   113k   5.0e-05       0          3/1/36/1
409,817,029  2,600,586  3455.6      5%      1%    16,321    8.5   -6506.5    3565.7     -72.2  -10000.0      12.5      12.3      13.3      13.3 -14981.3   40,560     4.2   1.793516  39.0%  44.6%    300.9   3.1994  0.050  0.000  94.5%   4.4%   1.1%    11   22    3    7.01     24.6    7.29    1.206     [-9.9,9.1]     4524k   113k   5.0e-05       0          3/1/34/2
409,931,221  2,601,327  3957.6      5%      1%    15,501    8.5   -5725.2    3770.8     504.0  -10000.0      11.9      12.3      13.3      13.3  -5378.0   40,265     4.2   1.801593  38.7%  44.5%    306.0   1.5655  0.050  0.000  94.0%   5.1%   0.9%     2   22    3    6.96     24.6    6.37    0.936     [-9.7,8.5]     4585k   113k   5.0e-05       0          3/1/35/1
410,046,949  2,602,069  4228.1      5%      1%    15,866    8.5   -6723.4    3468.7    -192.1  -10000.0      12.1      12.2      13.2      13.2   4696.4   40,302     4.2   1.800452  38.2%  43.8%    296.4   2.6578  0.050  0.000  94.5%   4.1%   1.4%    44   22    3    6.95     24.7    5.98    1.773   [-10.0,11.4]     4646k   113k   5.0e-05       0          3/1/37/1
410,160,645  2,602,805  3192.4      5%      1%    16,400    8.5   -6192.0    3914.1    -106.1  -10000.0      11.7      12.2      13.2      13.2  -7882.7   40,639     4.2   1.797716  38.3%  43.9%    310.1   2.4881  0.050  0.000  93.5%   6.0%   0.6%    30   22    3    6.97     24.5    7.87    1.127    [-9.9,13.0]     4707k   113k   5.0e-05       0          3/1/34/1
410,273,269  2,603,544  4150.8      5%      1%    16,931    8.5   -6239.0    3817.9     -56.9  -10000.0      12.1      12.2      13.2      13.2  -4412.1   40,500     4.2   1.793403  38.4%  44.2%    322.6   2.5109  0.050  0.000  95.7%   2.9%   1.4%    19   22    3    6.95     24.6    6.07    1.178    [-9.7,12.0]     4768k   114k   5.0e-05       0          3/1/37/2
410,384,933  2,604,282  3742.4      5%      1%    16,488    8.5   -6561.1    3625.1    -186.3  -10000.0      10.7      12.2      13.2      13.2 -10158.6   40,319     4.2   1.799243  38.4%  43.9%    343.6   2.9805  0.050  0.000  94.4%   4.7%   0.9%     7   22    3    6.97     24.6    6.72    1.148     [-9.6,8.4]     4829k   114k   5.0e-05       0          4/1/37/1
410,496,181  2,605,016  3931.0      5%      1%    16,081    8.5   -6895.8    3394.0    -289.8  -10000.0      10.9      12.0      13.1      13.1  -5937.6   40,221     4.2   1.800652  37.7%  43.1%    313.0   2.3364  0.050  0.000  93.6%   5.6%   0.9%    41   22    3    7.03     24.4    6.35    0.874    [-9.8,10.6]     4890k   114k   5.0e-05       0          3/1/35/1
410,606,229  2,605,755  4309.6      5%      1%    16,118    8.5   -5193.1    4571.5     235.4  -10000.0      12.2      12.1      13.1      13.1   2417.8   40,326     4.2   1.796449  37.7%  43.0%    350.7   2.4162  0.050  0.000  93.8%   5.2%   1.0%    30   22    3    7.01     24.6    5.84    0.831     [-9.8,8.9]     4951k   114k   5.0e-05       0          3/2/36/1
410,719,021  2,606,496  3994.4      5%      1%    15,985    8.5   -6331.8    3716.5     -48.3  -10000.0      11.5      12.0      13.1      13.1 -11347.0   40,740     4.2   1.795920  37.9%  43.5%    323.5   3.6195  0.050  0.000  93.8%   5.1%   1.2%    21   22    3    7.02     24.7    6.32    0.808    [-9.8,10.1]     5012k   114k   5.0e-05       0          3/1/33/1
410,837,477  2,607,233  3487.7      5%      1%    15,951    8.5   -7119.1    3292.9    -412.0  -10000.0      11.7      12.0      13.2      13.1  -5147.4   40,314     4.2   1.792960  38.4%  43.8%    281.2   2.3562  0.050  0.000  93.2%   5.7%   1.2%     8   22    3    6.85     24.6    7.21    1.000    [-9.8,13.5]     5073k   114k   5.0e-05       0          3/1/35/1
410,950,125  2,607,972  4045.0      5%      1%    16,027    8.5   -5641.4    3929.1     429.5  -10000.0      11.6      12.0      13.2      13.1  -1481.8   40,080     4.2   1.798976  38.0%  43.4%    333.1   3.3307  0.050  0.000  94.3%   4.4%   1.3%    47   22    3    6.91     24.6    6.23    0.730     [-9.1,8.5]     5135k   114k   5.0e-05       0          3/1/34/1
      Frame      Steps     FPS    Epsi    Xprt     Scr1M  Lvl1M      Rwrd     Score     Shape     Death DQN100K/F   DQN1M/F   DQN5M/F  DQN10M/F    EvalR   EScr1M  ELvl1M       Loss  AgrM%  AgrF%    EpLen   BCLoss    BCW  SubjW  DqnB%  EpsB%  ExpB%  Sync Clnt  Web  AvgInf  Steps/s   Rpl/F   GrNorm        Q-Range        Mem    HOF        LR    Drop       Tms S/X/C/P
------------------------------------------------------------------------------------------------------------------------------------------------------------------------------------------------------------------------------------------------------------------------------------------------------------------------------------------------------------------------------
411,067,453  2,608,712  3885.0      5%      1%    16,238    8.5   -6008.4    3837.6     154.0  -10000.0      13.1      12.1      13.2      13.1  -3432.3   40,260     4.2   1.798330  37.8%  43.4%    298.5   1.8605  0.050  0.000  95.0%   4.2%   0.8%    37   22    3    6.87     24.6    6.48    1.324    [-9.8,13.6]     5196k   114k   5.0e-05       0          3/1/34/1
411,185,061  2,609,446  4098.4      5%      1%    16,355    8.5   -5775.8    3775.1     449.1  -10000.0      13.2      12.2      13.1      13.1 -12492.3   40,083     4.2   1.799276  38.0%  43.4%    272.6   4.1391  0.050  0.000  94.5%   4.8%   0.7%    21   22    3    6.96     24.4    6.10    2.124    [-9.7,10.8]     5256k   114k   5.0e-05       0          3/1/37/1
411,299,589  2,610,179  3901.8      5%      1%    16,640    8.5   -5803.7    4245.5     -49.2  -10000.0      13.9      12.2      13.1      13.1  -5863.4   39,932     4.2   1.799310  37.6%  43.4%    309.8   3.9849  0.050  0.000  93.7%   5.4%   1.0%     4   22    3    7.04     24.4    6.41    1.775     [-8.9,8.6]     5317k   115k   5.0e-05       0          3/1/35/1
411,418,389  2,610,917  3655.1      5%      1%    16,782    8.5   -6009.3    3503.0     487.7  -10000.0      13.2      12.2      13.1      13.1  -7515.1   39,591     4.2   1.798300  37.9%  42.8%    277.8   3.1946  0.050  0.000  94.8%   4.3%   0.9%    42   22    3    6.93     24.5    6.87    1.426     [-9.4,7.7]     5377k   115k   5.0e-05       0          4/1/34/1
411,532,677  2,611,651  3896.5      5%      1%    16,796    8.6   -5392.3    4072.9     534.8  -10000.0      13.6      12.3      13.1      13.1  -4852.2   39,479     4.2   1.795512  37.5%  42.4%    290.5   3.3614  0.050  0.000  93.7%   5.2%   1.2%    26   22    3    7.09     24.4    6.42    1.001    [-9.8,10.4]     5437k   115k   5.0e-05       0          4/1/35/1
411,650,677  2,612,386  3343.6      5%      1%    16,620    8.6   -7058.6    3321.0    -379.6  -10000.0      12.3      12.2      13.0      13.1  -3461.2   39,672     4.2   1.792501  37.7%  43.0%    293.9   2.1502  0.050  0.000  93.9%   5.4%   0.7%    11   22    3    7.02     24.5    7.49    0.793    [-9.8,13.8]     5497k   115k   5.0e-05       0          3/1/34/1
411,767,893  2,613,123  4025.5      5%      1%    16,444    8.6   -6670.4    3257.7      71.9  -10000.0      11.5      12.2      12.9      13.1  -5058.1   39,395     4.2   1.794743  37.4%  42.9%    285.2   3.2175  0.050  0.000  93.9%   5.0%   1.1%    48   22    3    7.05     24.5    6.24    1.221    [-9.4,15.0]     5557k   115k   5.0e-05       0          4/1/36/1
411,882,965  2,613,861  3783.7      5%      1%    17,135    8.6   -5619.5    3909.0     471.5  -10000.0      12.3      12.3      12.9      13.1    439.1   39,373     4.2   1.784235  37.6%  43.1%    291.6   3.3484  0.050  0.000  93.9%   5.1%   1.0%    36   22    3    6.95     24.6    6.65    0.766    [-9.1,14.3]     5618k   115k   5.0e-05       0          3/1/34/1
411,996,693  2,614,602  4096.1      5%      1%    16,710    8.6   -6277.9    3829.9    -107.8  -10000.0      12.7      12.2      12.9      13.1  -5195.6   39,832     4.2   1.788436  37.4%  42.5%    316.8   2.8445  0.050  0.000  94.3%   4.6%   1.1%    27   22    3    6.99     24.7    6.17    0.705    [-9.6,14.0]     5678k   115k   5.0e-05       0          3/1/33/1
412,111,869  2,615,341  3365.8      5%      1%    16,674    8.6   -6289.2    3950.9    -240.1  -10000.0      12.8      12.3      12.9      13.1   -497.7   39,693     4.2   1.784113  37.6%  43.6%    307.5   3.4351  0.050  0.000  91.7%   6.7%   1.6%    16   22    3    6.92     24.6    7.48    0.947     [-9.4,5.6]     5740k   115k   5.0e-05       0          3/1/33/1
412,227,389  2,616,077  4430.3      5%      1%    17,802    8.6   -5325.3    4176.1     498.6  -10000.0      13.9      12.5      12.8      13.1    295.8   40,034     4.2   1.790175  37.7%  43.7%    301.5   1.8318  0.050  0.000  94.0%   5.4%   0.6%     2   22    3    6.97     24.5    5.65    1.256    [-9.9,14.1]     5800k   116k   5.0e-05       0          3/1/34/2
412,344,277  2,616,812  4348.5      5%      1%    17,584    8.6   -6346.1    3531.9     122.0  -10000.0      12.1      12.6      12.8      13.1   -706.6   39,931     4.2   1.798591  38.4%  43.5%    295.0   2.7689  0.050  0.000  94.5%   4.9%   0.6%    37   22    3    6.95     24.5    5.77    0.888    [-9.6,13.7]     5861k   116k   5.0e-05       0          3/1/36/1
412,457,029  2,617,548  3504.2      5%      1%    17,937    8.6   -5844.9    4219.7     -64.6  -10000.0      12.9      12.5      12.8      13.1  -5240.6   40,301     4.2   1.799727  37.8%  43.1%    319.7   1.8965  0.050  0.000  93.8%   5.6%   0.7%    23   22    3    7.06     24.5    7.16    1.493    [-9.7,11.4]     5921k   116k   5.0e-05       0          3/1/33/1
412,570,693  2,618,284  3724.0      5%      1%    18,024    8.6   -6187.6    3884.7     -72.3  -10000.0      13.0      12.7      12.7      13.1  -3979.3   40,181     4.2   1.796676  37.6%  42.9%    304.5   3.5866  0.050  0.000  94.1%   4.6%   1.3%     9   22    3    7.00     24.5    6.72    0.916    [-8.2,10.5]     5982k   116k   5.0e-05       0          3/1/34/1
412,684,565  2,619,023  3874.5      5%      1%    17,979    8.6   -5725.2    3919.5     355.3  -10000.0      12.4      12.7      12.7      13.1 -10278.5   39,976     4.2   1.804266  37.9%  43.0%    310.6   3.6622  0.050  0.000  94.0%   5.3%   0.7%    48   22    3    6.99     24.6    6.50    1.549     [-9.5,7.9]     6043k   116k   5.0e-05       0          3/1/35/1
412,800,669  2,619,759  4339.9      5%      1%    18,022    8.6   -5992.7    3843.8     163.4  -10000.0      13.2      12.9      12.7      13.0  -5856.7   39,780     4.2   1.804067  36.6%  42.5%    298.7   3.3835  0.050  0.000  94.2%   5.0%   0.8%    34   22    2    7.02     24.5    5.78    0.968    [-9.8,12.8]     6104k   116k   5.0e-05       0          3/1/33/1
412,914,605  2,620,494  3774.1      5%      1%    18,206    8.6   -5827.7    4155.9      16.4  -10000.0      14.3      12.9      12.7      13.1   -175.5   39,599     4.2   1.804694  37.1%  43.0%    294.8   2.8978  0.050  0.000  95.2%   4.1%   0.7%    19   22    2    7.04     24.5    6.64    0.635    [-9.0,11.5]     6164k   116k   5.0e-05       0          3/1/36/1
413,030,765  2,621,234  3643.8      5%      1%    18,743    8.6   -5969.6    3958.5      71.9  -10000.0      13.7      12.9      12.7      13.1  -7223.5   39,476     4.2   1.803220  37.1%  43.1%    295.3   2.3159  0.050  0.000  93.7%   5.4%   1.0%     9   22    2    7.00     24.6    6.92    0.908    [-9.7,10.2]     6224k   116k   5.0e-05       0          3/1/34/1
413,144,309  2,621,967  3878.2      5%      1%    18,076    8.6   -5782.8    4067.1     150.1  -10000.0      13.4      12.9      12.7      13.1  -4487.9   39,341     4.2   1.805674  37.5%  43.4%    308.6   3.2339  0.050  0.000  93.6%   5.6%   0.9%    42   22    2    7.05     24.4    6.45    0.823    [-8.8,11.4]     6285k   116k   5.0e-05       0          3/1/35/1
413,261,685  2,622,703  4008.1      5%      1%    17,403    8.6   -5845.6    3931.7     222.6  -10000.0      13.7      12.9      12.7      13.1  -3215.0   39,597     4.2   1.803466  37.6%  43.4%    291.4   2.5176  0.050  0.000  94.2%   4.0%   1.8%    28   22    2    7.00     24.5    6.25    0.906    [-9.9,12.1]     6345k   116k   5.0e-05       0          3/1/35/1
413,370,709  2,623,444  3615.4      5%      1%    17,974    8.6   -5356.5    4376.8     266.7  -10000.0      13.9      12.9      12.7      13.1  -8590.2   39,332     4.2   1.805153  37.5%  43.6%    333.6   3.2380  0.050  0.000  94.0%   5.0%   1.0%    19   22    2    7.15     24.7    6.99    1.119    [-9.8,12.1]     6406k   116k   5.0e-05       0          3/1/34/1
413,489,037  2,624,188  3582.1      5%      1%    17,718    8.6   -6959.9    3235.5    -195.5  -10000.0      12.6      12.9      12.7      13.1 -12680.3   39,227     4.2   1.798715  37.6%  43.5%    277.7   1.7309  0.050  0.000  94.9%   4.4%   0.7%    13   22    2    6.92     24.8    7.08    0.879    [-9.5,14.0]     6467k   117k   5.0e-05       0          3/1/34/1
413,604,125  2,624,932  3683.8      5%      1%    17,782    8.6   -6965.3    3859.7    -825.0  -10000.0      11.8      12.8      12.7      13.0  -1730.0   39,347     4.2   1.793541  37.7%  43.4%    321.1   2.3926  0.050  0.000  93.8%   5.5%   0.8%     7   22    2    6.87     24.7    6.87    0.785    [-9.8,12.6]     6528k   117k   5.0e-05       0          3/1/35/1
413,718,525  2,625,669  3341.3      5%      1%    18,642    8.6   -5752.8    4045.1     202.1  -10000.0      13.0      12.9      12.7      13.1  -3271.0   39,680     4.2   1.800741  37.0%  42.9%    300.0   3.1609  0.050  0.000  92.9%   6.3%   0.8%    44   22    2    6.93     24.5    7.52    0.942    [-9.6,10.9]     6589k   117k   5.0e-05       0          3/1/34/2
413,834,597  2,626,405  4014.5      5%      1%    18,416    8.6   -6099.2    3659.4     241.4  -10000.0      12.2      13.0      12.6      13.0  -4356.5   39,525     4.2   1.795988  37.3%  43.0%    303.1   3.2802  0.050  0.000  94.2%   4.3%   1.5%    30   22    2    7.09     24.5    6.26    0.866    [-9.9,13.2]     6649k   117k   5.0e-05       0          3/1/34/1
413,950,261  2,627,148  3645.1      5%      1%    18,365    8.6   -6094.6    3992.8     -87.4  -10000.0      12.9      13.0      12.6      13.0   1108.7   39,468     4.2   1.800251  37.8%  43.2%    296.9   3.0226  0.050  0.000  93.0%   6.0%   1.1%    23   22    2    6.95     24.7    6.95    1.106    [-9.8,16.5]     6710k   117k   5.0e-05       0          3/1/33/1
414,065,461  2,627,890  4146.2      5%      1%    18,549    8.6   -6529.9    3839.5    -369.4  -10000.0      12.4      12.8      12.6      13.0   -316.7   40,012     4.3   1.797948  37.7%  43.3%    313.7   2.4351  0.050  0.000  93.9%   5.0%   1.1%    15   22    2    6.93     24.7    6.09    0.786    [-9.7,12.4]     6771k   117k   5.0e-05       0          3/1/34/1
414,181,309  2,628,624  3226.9      5%      1%    18,269    8.6   -6543.6    3475.5     -19.1  -10000.0      12.1      12.8      12.6      13.0  -7136.8   39,830     4.2   1.792837  37.6%  42.7%    282.6   2.3861  0.050  0.000  93.7%   5.1%   1.3%    49   22    2    7.03     24.5    7.76    1.685    [-9.8,11.6]     6831k   117k   5.0e-05       0          3/1/35/1
414,297,565  2,629,359  4328.2      5%      1%    17,652    8.6   -6393.4    3328.7     278.0  -10000.0      11.4      12.8      12.6      13.0  -6406.1   39,692     4.2   1.790880  37.6%  43.2%    293.4   2.6150  0.050  0.000  95.2%   4.2%   0.6%    34   22    2    6.91     24.4    5.78    0.843     [-8.8,9.6]     6892k   117k   5.0e-05       0          3/1/35/1
414,413,885  2,630,091  3773.2      5%      1%    16,816    8.6   -6613.5    3489.4    -102.9  -10000.0      12.2      12.7      12.6      13.0  -7763.7   39,543     4.2   1.782172  37.5%  43.2%    287.1   3.5872  0.050  0.000  94.9%   4.0%   1.1%    16   22    2    7.06     24.4    6.61    0.763    [-9.1,10.7]     6952k   117k   5.0e-05       0          3/1/33/1
      Frame      Steps     FPS    Epsi    Xprt     Scr1M  Lvl1M      Rwrd     Score     Shape     Death DQN100K/F   DQN1M/F   DQN5M/F  DQN10M/F    EvalR   EScr1M  ELvl1M       Loss  AgrM%  AgrF%    EpLen   BCLoss    BCW  SubjW  DqnB%  EpsB%  ExpB%  Sync Clnt  Web  AvgInf  Steps/s   Rpl/F   GrNorm        Q-Range        Mem    HOF        LR    Drop       Tms S/X/C/P
------------------------------------------------------------------------------------------------------------------------------------------------------------------------------------------------------------------------------------------------------------------------------------------------------------------------------------------------------------------------------
414,533,413  2,630,826  3410.4      5%      1%    17,042    8.6   -6012.4    3820.9     166.7  -10000.0      13.5      12.8      12.6      13.0  -1167.9   39,451     4.2   1.777309  37.2%  42.7%    284.3   1.8534  0.050  0.000  95.0%   4.4%   0.6%     1   22    2    6.89     24.5    7.34    1.630    [-9.5,15.9]     7012k   117k   5.0e-05       0          3/1/37/1
414,647,925  2,631,563  3642.4      5%      1%    16,891    8.6   -5883.3    3613.3     503.4  -10000.0      12.2      12.8      12.6      13.0   -996.2   39,576     4.2   1.778061  37.7%  42.6%    308.3   2.6205  0.050  0.000  94.1%   4.5%   1.4%    38   22    2    7.00     24.6    6.90    0.857    [-9.9,12.4]     7073k   117k   5.0e-05       0          3/1/36/1
414,761,053  2,632,297  3606.2      5%      1%    16,546    8.6   -7199.5    3153.3    -352.8  -10000.0      11.0      12.5      12.5      13.0    679.9   40,015     4.3   1.775814  37.4%  42.4%    299.9   3.1196  0.050  0.000  93.8%   4.8%   1.4%    22   22    2    7.02     24.4    6.94    0.785     [-8.3,8.6]     7133k   117k   5.0e-05       0          3/1/33/1
414,875,909  2,633,036  3754.2      5%      1%    16,093    8.6   -5716.9    3991.1     292.0  -10000.0      11.6      12.5      12.5      13.0 -10339.5   39,840     4.2   1.772051  38.0%  43.6%    321.7   2.8454  0.050  0.000  95.2%   3.2%   1.6%    11   22    2    6.95     24.6    6.71    0.889     [-9.8,7.7]     7194k   117k   5.0e-05       0          3/1/35/1
414,992,405  2,633,773  3546.2      5%      1%    15,733    8.6   -6331.7    3426.3     242.0  -10000.0      13.0      12.4      12.5      13.0  -8299.3   39,738     4.2   1.769250  37.7%  43.1%    278.3   2.0128  0.050  0.000  94.0%   5.3%   0.7%    48   22    2    6.96     24.5    7.07    1.743     [-9.7,8.4]     7255k   117k   5.0e-05       0          3/1/35/1
415,108,309  2,634,511  3998.8      5%      1%    15,635    8.6   -6093.0    3826.1      80.9  -10000.0      12.5      12.4      12.5      13.0  -1634.9   39,864     4.2   1.770363  37.8%  42.3%    298.4   3.1636  0.050  0.000  93.1%   5.9%   1.1%    36   22    2    6.97     24.6    6.30    0.687     [-9.6,9.3]     7316k   117k   5.0e-05       0          3/1/35/1
415,224,733  2,635,250  3658.4      5%      1%    16,310    8.6   -5412.8    4257.5     329.7  -10000.0      13.5      12.4      12.6      13.0  -3357.0   39,898     4.3   1.768106  37.3%  42.6%    301.2   3.4254  0.050  0.000  93.8%   4.8%   1.5%    25   22    2    7.03     24.6    6.88    1.141    [-9.6,11.0]     7377k   117k   5.0e-05       0          3/1/33/1
415,338,925  2,635,994  3537.4      5%      1%    16,818    8.6   -6842.3    3273.5    -115.8  -10000.0      12.1      12.2      12.5      13.0  -5851.9   39,962     4.3   1.779959  37.6%  42.6%    310.0   2.9021  0.050  0.000  94.0%   5.4%   0.6%    19   22    2    6.97     24.7    7.16    1.169    [-9.5,10.7]     7437k   117k   5.0e-05       0          3/1/37/1
415,451,477  2,636,733  3347.6      5%      1%    16,633    8.6   -6537.4    3393.8      68.8  -10000.0      11.1      12.2      12.5      12.9  -6405.0   39,832     4.3   1.774257  36.6%  42.2%    302.7   3.2234  0.050  0.000  95.2%   4.2%   0.6%     8   22    2    6.97     24.6    7.53    1.086    [-9.6,13.5]     7498k   117k   5.0e-05       0          3/1/35/1
415,569,653  2,637,468  4595.7      5%      1%    16,731    8.6   -7105.6    3689.4    -795.0  -10000.0      12.0      12.2      12.5      12.9    970.3   39,964     4.3   1.774996  36.8%  42.3%    296.7   3.1733  0.050  0.000  94.4%   4.8%   0.8%    43   22    2    7.03     24.4    5.44    1.308    [-9.7,13.9]     7558k   117k   5.0e-05       0          3/1/37/1
415,679,429  2,638,205  4583.9      5%      1%    16,342    8.5   -6560.0    3740.3    -300.3  -10000.0      12.2      12.1      12.5      12.9  -8716.3   39,826     4.2   1.773906  36.6%  42.3%    335.7   2.8102  0.050  0.000  93.0%   6.2%   0.9%    30   22    2    6.99     24.5    5.48    0.776    [-9.6,16.5]     7620k   117k   5.0e-05       0          3/1/34/1
415,796,869  2,638,941  3824.9      5%      1%    16,699    8.6   -6674.7    3626.4    -301.1  -10000.0      12.2      12.1      12.5      12.9  -2833.0   39,771     4.2   1.765646  36.5%  42.4%    286.2   2.6323  0.050  0.000  93.8%   5.2%   1.1%    16   22    2    6.98     24.5    6.56    1.261    [-9.6,11.8]     7680k   117k   5.0e-05       0          3/1/36/1
415,912,541  2,639,674  3746.0      5%      1%    16,780    8.6   -7169.0    3147.5    -316.5  -10000.0      12.3      12.1      12.5      12.9 -11680.2   39,755     4.3   1.762700  37.1%  42.7%    278.7   2.9191  0.050  0.000  93.8%   5.2%   1.0%    49   22    2    7.04     24.4    6.68    0.771     [-9.7,9.7]     7740k   117k   5.0e-05       0          3/1/38/1
416,029,357  2,640,410  3862.3      5%      1%    16,366    8.6   -6704.5    3684.2    -388.7  -10000.0      11.7      12.0      12.5      12.9  -2847.1   39,630     4.2   1.758137  36.6%  42.1%    301.3   2.6273  0.050  0.000  94.0%   5.4%   0.6%    35   22    2    7.05     24.5    6.49    0.723     [-9.8,7.6]     7800k   117k   5.0e-05       0          3/1/35/1
416,144,717  2,641,145  3517.5      5%      1%    16,561    8.6   -5766.1    3726.3     507.6  -10000.0      12.6      12.1      12.5      12.9  -6045.9   39,864     4.3   1.761481  36.6%  42.2%    305.9   3.6793  0.050  0.000  94.4%   4.5%   1.1%    20   22    2    7.03     24.5    7.12    0.809    [-9.6,10.7]     7861k   117k   5.0e-05       0          3/1/34/1
416,259,221  2,641,884  4627.7      5%      1%    15,722    8.6   -6168.1    3539.7     292.2  -10000.0      11.7      12.1      12.4      12.9  -7246.9   39,677     4.3   1.766864  36.9%  42.4%    311.6   2.5760  0.050  0.000  95.0%   4.4%   0.6%     9   22    2    7.01     24.6    5.45    1.116     [-9.7,9.8]     7921k   117k   5.0e-05       0          3/1/33/1
416,370,461  2,642,620  4246.8      5%      1%    15,694    8.5   -6021.7    3870.7     107.6  -10000.0      11.1      11.9      12.4      12.9  -4668.6   39,575     4.2   1.765357  36.0%  42.2%    344.4   2.9503  0.050  0.000  93.8%   4.9%   1.4%    45   22    2    6.96     24.5    5.91    0.905    [-9.7,11.1]     7983k   117k   5.0e-05       0          3/1/38/1
416,482,765  2,643,353  3760.1      5%      1%    15,548    8.5   -7250.6    2989.7    -240.2  -10000.0      10.9      11.8      12.4      12.9  -2585.3   39,543     4.2   1.761014  36.6%  42.4%    306.7   2.3870  0.050  0.000  92.3%   6.3%   1.4%    28   22    2    7.03     24.4    6.64    0.972    [-9.3,13.4]     8043k   117k   5.0e-05       0          4/1/36/1
416,595,229  2,644,088  3817.7      5%      1%    15,108    8.5   -7178.7    3525.1    -703.9  -10000.0      10.6      11.8      12.3      12.8  -9807.7   39,360     4.2   1.757731  36.9%  42.8%    326.2   3.6286  0.050  0.000  92.5%   6.5%   1.0%    13   22    2    6.99     24.4    6.55    0.839    [-9.8,15.6]     8104k   117k   5.0e-05       0          3/1/35/1
416,706,341  2,644,822  4502.0      5%      1%    15,436    8.5   -6544.9    3748.1    -293.0  -10000.0      10.8      11.8      12.3      12.8   2912.2   39,520     4.2   1.771996  36.6%  42.7%    341.6   3.5383  0.050  0.000  93.7%   5.3%   1.1%    47   22    2    6.91     24.4    5.56    0.799    [-9.9,11.4]     8166k   117k   5.0e-05       0          3/1/34/1
416,818,749  2,645,561  3983.1      5%      1%    15,107    8.5   -5853.8    3566.0     580.2  -10000.0      10.5      11.6      12.3      12.8  -4970.9   39,609     4.3   1.775065  36.0%  42.9%    328.8   2.9012  0.050  0.000  94.1%   5.5%   0.4%    36   22    2    6.90     24.6    6.32    1.118    [-9.7,13.7]     8227k   117k   5.0e-05       0          3/1/36/1
416,932,717  2,646,300  4020.7      5%      1%    15,593    8.5   -6092.2    4050.5    -142.7  -10000.0      12.3      11.6      12.3      12.8  -7666.2   39,495     4.2   1.775945  36.5%  43.1%    319.8   4.7196  0.050  0.000  94.1%   4.8%   1.1%    25   22    2    6.95     24.6    6.26    0.804    [-9.1,11.0]     8288k   117k   5.0e-05       0          3/1/35/1
417,046,317  2,647,032  4219.0      5%      1%    15,496    8.5   -6066.4    3836.7      96.9  -10000.0      12.5      11.6      12.3      12.8  -5524.2   39,376     4.2   1.780667  36.5%  43.3%    300.2   2.3502  0.050  0.000  93.5%   5.8%   0.8%     7   22    2    6.99     24.4    5.92    0.933     [-9.8,7.7]     8349k   117k   5.0e-05       0          4/1/47/1
417,158,909  2,647,777  3653.4      5%      1%    15,368    8.5   -5954.3    3950.0      95.7  -10000.0      12.9      11.6      12.3      12.8  -2596.9   39,362     4.2   1.787649  36.4%  43.5%    320.8   1.8403  0.050  0.000  94.1%   5.1%   0.8%     2   22    2    6.96     24.8    6.94    0.818    [-9.1,14.3]     8410k   117k   5.0e-05       0          3/1/35/1
417,276,173  2,648,515  4143.3      5%      1%    15,696    8.5   -6193.0    3689.8     117.1  -10000.0      12.4      11.7      12.3      12.8  -4901.5   39,157     4.2   1.772745  36.5%  42.8%    299.6   3.3981  0.050  0.000  93.9%   4.6%   1.5%    40   22    2    7.02     24.6    6.08    0.742    [-9.7,12.5]     8471k   117k   5.0e-05       0          3/1/36/1
Client 11 disconnected: EOF
417,391,403  2,649,251  4144.2      5%      1%    15,463    8.5   -6118.3    3715.0     166.7  -10000.0      12.1      11.7      12.3      12.8 -13405.3   39,010     4.2   1.774987  36.1%  42.4%    296.8   2.9894  0.050  0.000  94.2%   5.0%   0.8%    26   22    2    6.99     24.5    6.04    0.721    [-9.4,10.6]     8531k   117k   5.0e-05       0          3/1/35/1
417,503,843  2,649,983  3493.2      5%      1%    15,984    8.5   -5669.1    4004.1     326.8  -10000.0      12.6      11.8      12.3      12.8  -4196.8   38,979     4.2   1.776872  35.8%  42.5%    312.3   2.9378  0.050  0.000  94.3%   4.6%   1.1%     8   22    2    7.00     24.4    7.14    0.771     [-9.9,6.9]     8592k   117k   5.0e-05       0          3/1/34/1
417,614,275  2,650,723  3013.4      5%      1%    16,098    8.5   -6522.7    3854.6    -377.3  -10000.0      12.5      11.8      12.3      12.8 -14864.9   39,005     4.2   1.780484  36.2%  42.3%    329.9   2.7928  0.050  0.000  94.0%   4.7%   1.3%    48   22    2    7.11     24.6    8.37    0.748    [-9.9,12.1]     8653k   117k   5.0e-05       0          3/1/35/1
417,727,619  2,651,457  3591.0      5%      1%    16,357    8.4   -6077.8    4304.1    -381.9  -10000.0      12.9      11.8      12.3      12.8  -5010.5   38,836     4.2   1.774758  36.0%  42.3%    333.4   3.2887  0.050  0.000  94.0%   4.8%   1.2%    32   22    2    6.92     24.5    6.97    0.928    [-9.9,11.4]     8714k   117k   5.0e-05       0          3/1/35/1
New peak EScr1M 38,822 — best checkpoint saved
417,844,451  2,652,193  4001.2      5%      1%    16,606    8.4   -5573.0    4192.6     234.4  -10000.0      13.5      12.0      12.3      12.8  -1236.4   38,809     4.2   1.776963  35.9%  42.6%    296.1   2.6567  0.050  0.000  95.0%   3.7%   1.3%    18   22    2    6.92     24.5    6.26    1.365     [-9.7,8.4]     8775k   117k   5.0e-05       0          3/1/37/1
      Frame      Steps     FPS    Epsi    Xprt     Scr1M  Lvl1M      Rwrd     Score     Shape     Death DQN100K/F   DQN1M/F   DQN5M/F  DQN10M/F    EvalR   EScr1M  ELvl1M       Loss  AgrM%  AgrF%    EpLen   BCLoss    BCW  SubjW  DqnB%  EpsB%  ExpB%  Sync Clnt  Web  AvgInf  Steps/s   Rpl/F   GrNorm        Q-Range        Mem    HOF        LR    Drop       Tms S/X/C/P
------------------------------------------------------------------------------------------------------------------------------------------------------------------------------------------------------------------------------------------------------------------------------------------------------------------------------------------------------------------------------
417,958,243  2,652,928  4311.4      5%      1%    16,854    8.4   -6501.8    3743.4    -245.2  -10000.0      12.9      12.0      12.3      12.8   1333.8   38,762     4.2   1.785686  36.7%  43.5%    321.5   4.4468  0.050  0.000  95.8%   3.5%   0.7%     3   22    2    7.00     24.5    5.82    1.013    [-9.2,12.2]     8836k   117k   5.0e-05       0          3/1/36/1
418,070,507  2,653,663  4134.5      5%      1%    17,001    8.4   -6249.0    3723.7      27.3  -10000.0      11.7      11.9      12.3      12.8  -5352.3   38,917     4.2   1.785387  36.5%  42.9%    313.2   3.0795  0.050  0.000  94.6%   4.7%   0.7%    38   22    2    7.03     24.4    6.05    0.770     [-9.9,9.0]     8897k   117k   5.0e-05       0          3/1/34/1
Quit requested...
Stopping async inference batcher...
Flushing async replay buffer...
Server stopped, exiting stats reporter
  Model save [------------------------]   0.0%  Model save [########################] 100.0%
  HOF saved: 192 episodes / 79,934 transitions
  Saving replay buffer (8,897,999 transitions, mmap .npy)...
  Replay save [#---------------------------]   5.0%  Replay save [#---------------------------]   5.0%  Replay save [#---------------------------]   5.1%  Replay save [#---------------------------]   5.1%  Replay save [#---------------------------]   5.1%  Replay save [#---------------------------]   5.2%  Replay save [#---------------------------]   5.2%  Replay save [#---------------------------]   5.2%  Replay save [#---------------------------]   5.3%  Replay save [#---------------------------]   5.3%  Replay save [#---------------------------]   5.3%  Replay save [##--------------------------]   5.4%  Replay save [##--------------------------]   5.4%  Replay save [##--------------------------]   5.4%  Replay save [##--------------------------]   5.5%  Replay save [##--------------------------]   5.5%  Replay save [##--------------------------]   5.5%  Replay save [##--------------------------]   5.6%  Replay save [##--------------------------]   5.6%  Replay save [##--------------------------]   5.6%  Replay save [##--------------------------]   5.7%  Replay save [##--------------------------]   5.7%  Replay save [##--------------------------]   5.7%  Replay save [##--------------------------]   5.8%  Replay save [##--------------------------]   5.8%  Replay save [##--------------------------]   5.8%  Replay save [##--------------------------]   5.9%  Replay save [##--------------------------]   5.9%  Replay save [##--------------------------]   5.9%  Replay save [##--------------------------]   6.0%  Replay save [##--------------------------]   6.0%  Replay save [##--------------------------]   6.0%  Replay save [##--------------------------]   6.1%  Replay save [##--------------------------]   6.1%  Replay save [##--------------------------]   6.1%  Replay save [##--------------------------]   6.2%  Replay save [##--------------------------]   6.2%  Replay save [##--------------------------]   6.2%  Replay save [##--------------------------]   6.3%  Replay save [##--------------------------]   6.3%  Replay save [##--------------------------]   6.3%  Replay save [##--------------------------]   6.4%  Replay save [##--------------------------]   6.4%  Replay save [##--------------------------]   6.4%  Replay save [##--------------------------]   6.5%  Replay save [##--------------------------]   6.5%  Replay save [##--------------------------]   6.5%  Replay save [##--------------------------]   6.6%  Replay save [##--------------------------]   6.6%  Replay save [##--------------------------]   6.6%  Replay save [##--------------------------]   6.7%  Replay save [##--------------------------]   6.7%  Replay save [##--------------------------]   6.7%  Replay save [##--------------------------]   6.7%  Replay save [##--------------------------]   6.8%  Replay save [##--------------------------]   6.8%  Replay save [##--------------------------]   6.8%  Replay save [##--------------------------]   6.9%  Replay save [##--------------------------]   6.9%  Replay save [##--------------------------]   6.9%  Replay save [##--------------------------]   7.0%  Replay save [##--------------------------]   7.0%  Replay save [##--------------------------]   7.0%  Replay save [##--------------------------]   7.1%  Replay save [##--------------------------]   7.1%  Replay save [##--------------------------]   7.1%  Replay save [##--------------------------]   7.2%  Replay save [##--------------------------]   7.2%  Replay save [##--------------------------]   7.2%  Replay save [##--------------------------]   7.3%  Replay save [##--------------------------]   7.3%  Replay save [##--------------------------]   7.3%  Replay save [##--------------------------]   7.4%  Replay save [##--------------------------]   7.4%  Replay save [##--------------------------]   7.4%  Replay save [##--------------------------]   7.5%  Replay save [##--------------------------]   7.5%  Replay save [##--------------------------]   7.5%  Replay save [##--------------------------]   7.6%  Replay save [##--------------------------]   7.6%  Replay save [##--------------------------]   7.6%  Replay save [##--------------------------]   7.7%  Replay save [##--------------------------]   7.7%  Replay save [##--------------------------]   7.7%  Replay save [##--------------------------]   7.8%  Replay save [##--------------------------]   7.8%  Replay save [##--------------------------]   7.8%  Replay save [##--------------------------]   7.9%  Replay save [##--------------------------]   7.9%  Replay save [##--------------------------]   7.9%  Replay save [##--------------------------]   8.0%  Replay save [##--------------------------]   8.0%  Replay save [##--------------------------]   8.0%  Replay save [##--------------------------]   8.1%  Replay save [##--------------------------]   8.1%  Replay save [##--------------------------]   8.1%  Replay save [##--------------------------]   8.2%  Replay save [##--------------------------]   8.2%  Replay save [##--------------------------]   8.2%  Replay save [##--------------------------]   8.3%  Replay save [##--------------------------]   8.3%  Replay save [##--------------------------]   8.3%  Replay save [##--------------------------]   8.4%  Replay save [##--------------------------]   8.4%  Replay save [##--------------------------]   8.4%  Replay save [##--------------------------]   8.5%  Replay save [##--------------------------]   8.5%  Replay save [##--------------------------]   8.5%  Replay save [##--------------------------]   8.6%  Replay save [##--------------------------]   8.6%  Replay save [##--------------------------]   8.6%  Replay save [##--------------------------]   8.7%  Replay save [##--------------------------]   8.7%  Replay save [##--------------------------]   8.7%  Replay save [##--------------------------]   8.8%  Replay save [##--------------------------]   8.8%  Replay save [##--------------------------]   8.8%  Replay save [##--------------------------]   8.9%  Replay save [##--------------------------]   8.9%  Replay save [###-------------------------]   8.9%  Replay save [###-------------------------]   9.0%  Replay save [###-------------------------]   9.0%  Replay save [###-------------------------]   9.0%  Replay save [###-------------------------]   9.1%  Replay save [###-------------------------]   9.1%  Replay save [###-------------------------]   9.1%  Replay save [###-------------------------]   9.2%  Replay save [###-------------------------]   9.2%  Replay save [###-------------------------]   9.2%  Replay save [###-------------------------]   9.3%  Replay save [###-------------------------]   9.3%  Replay save [###-------------------------]   9.3%  Replay save [###-------------------------]   9.4%  Replay save [###-------------------------]   9.4%  Replay save [###-------------------------]   9.4%  Replay save [###-------------------------]   9.5%  Replay save [###-------------------------]   9.5%  Replay save [###-------------------------]   9.5%  Replay save [###-------------------------]   9.6%  Replay save [###-------------------------]   9.6%  Replay save [###-------------------------]   9.6%  Replay save [###-------------------------]   9.7%  Replay save [###-------------------------]   9.7%  Replay save [###-------------------------]   9.7%  Replay save [###-------------------------]   9.8%  Replay save [###-------------------------]   9.8%  Replay save [###-------------------------]   9.8%  Replay save [###-------------------------]   9.9%  Replay save [###-------------------------]   9.9%  Replay save [###-------------------------]   9.9%  Replay save [###-------------------------]  10.0%  Replay save [###-------------------------]  10.0%  Replay save [###-------------------------]  10.0%  Replay save [###-------------------------]  10.1%  Replay save [###-------------------------]  10.1%  Replay save [###-------------------------]  10.1%  Replay save [###-------------------------]  10.2%  Replay save [###-------------------------]  10.2%  Replay save [###-------------------------]  10.2%  Replay save [###-------------------------]  10.2%  Replay save [###-------------------------]  10.3%  Replay save [###-------------------------]  10.3%  Replay save [###-------------------------]  10.3%  Replay save [###-------------------------]  10.4%  Replay save [###-------------------------]  10.4%  Replay save [###-------------------------]  10.4%  Replay save [###-------------------------]  10.5%  Replay save [###-------------------------]  10.5%  Replay save [###-------------------------]  10.5%  Replay save [###-------------------------]  10.6%  Replay save [###-------------------------]  10.6%  Replay save [###-------------------------]  10.6%  Replay save [###-------------------------]  10.7%  Replay save [###-------------------------]  10.7%  Replay save [###-------------------------]  10.7%  Replay save [###-------------------------]  10.8%  Replay save [###-------------------------]  10.8%  Replay save [###-------------------------]  10.8%  Replay save [###-------------------------]  10.9%  Replay save [###-------------------------]  10.9%  Replay save [###-------------------------]  10.9%  Replay save [###-------------------------]  11.0%  Replay save [###-------------------------]  11.0%  Replay save [###-------------------------]  11.0%  Replay save [###-------------------------]  11.1%  Replay save [###-------------------------]  11.1%  Replay save [###-------------------------]  11.1%  Replay save [###-------------------------]  11.2%  Replay save [###-------------------------]  11.2%  Replay save [###-------------------------]  11.2%  Replay save [###-------------------------]  11.3%  Replay save [###-------------------------]  11.3%  Replay save [###-------------------------]  11.3%  Replay save [###-------------------------]  11.4%  Replay save [###-------------------------]  11.4%  Replay save [###-------------------------]  11.4%  Replay save [###-------------------------]  11.5%  Replay save [###-------------------------]  11.5%  Replay save [###-------------------------]  11.5%  Replay save [###-------------------------]  11.6%  Replay save [###-------------------------]  11.6%  Replay save [###-------------------------]  11.6%  Replay save [###-------------------------]  11.7%  Replay save [###-------------------------]  11.7%  Replay save [###-------------------------]  11.7%  Replay save [###-------------------------]  11.8%  Replay save [###-------------------------]  11.8%  Replay save [###-------------------------]  11.8%  Replay save [###-------------------------]  11.9%  Replay save [###-------------------------]  11.9%  Replay save [###-------------------------]  11.9%  Replay save [###-------------------------]  12.0%  Replay save [###-------------------------]  12.0%  Replay save [###-------------------------]  12.0%  Replay save [###-------------------------]  12.1%  Replay save [###-------------------------]  12.1%  Replay save [###-------------------------]  12.1%  Replay save [###-------------------------]  12.2%  Replay save [###-------------------------]  12.2%  Replay save [###-------------------------]  12.2%  Replay save [###-------------------------]  12.3%  Replay save [###-------------------------]  12.3%  Replay save [###-------------------------]  12.3%  Replay save [###-------------------------]  12.4%  Replay save [###-------------------------]  12.4%  Replay save [###-------------------------]  12.4%  Replay save [###-------------------------]  12.5%  Replay save [###-------------------------]  12.5%  Replay save [####------------------------]  12.5%  Replay save [####------------------------]  12.6%  Replay save [####------------------------]  12.6%  Replay save [####------------------------]  12.6%  Replay save [####------------------------]  12.7%  Replay save [####------------------------]  12.7%  Replay save [####------------------------]  12.7%  Replay save [####------------------------]  12.8%  Replay save [####------------------------]  12.8%  Replay save [####------------------------]  12.8%  Replay save [####------------------------]  12.9%  Replay save [####------------------------]  12.9%  Replay save [####------------------------]  12.9%  Replay save [####------------------------]  13.0%  Replay save [####------------------------]  13.0%  Replay save [####------------------------]  13.0%  Replay save [####------------------------]  13.1%  Replay save [####------------------------]  13.1%  Replay save [####------------------------]  13.1%  Replay save [####------------------------]  13.2%  Replay save [####------------------------]  13.2%  Replay save [####------------------------]  13.2%  Replay save [####------------------------]  13.3%  Replay save [####------------------------]  13.3%  Replay save [####------------------------]  13.3%  Replay save [####------------------------]  13.4%  Replay save [####------------------------]  13.4%  Replay save [####------------------------]  13.4%  Replay save [####------------------------]  13.5%  Replay save [####------------------------]  13.5%  Replay save [####------------------------]  13.5%  Replay save [####------------------------]  13.6%  Replay save [####------------------------]  13.6%  Replay save [####------------------------]  13.6%  Replay save [####------------------------]  13.6%  Replay save [####------------------------]  13.7%  Replay save [####------------------------]  13.7%  Replay save [####------------------------]  13.7%  Replay save [####------------------------]  13.8%  Replay save [####------------------------]  13.8%  Replay save [####------------------------]  13.8%  Replay save [####------------------------]  13.9%  Replay save [####------------------------]  13.9%  Replay save [####------------------------]  13.9%  Replay save [####------------------------]  14.0%  Replay save [####------------------------]  14.0%  Replay save [####------------------------]  14.0%  Replay save [####------------------------]  14.1%  Replay save [####------------------------]  14.1%  Replay save [####------------------------]  14.1%  Replay save [####------------------------]  14.2%  Replay save [####------------------------]  14.2%  Replay save [####------------------------]  14.2%  Replay save [####------------------------]  14.3%  Replay save [####------------------------]  14.3%  Replay save [####------------------------]  14.3%  Replay save [####------------------------]  14.4%  Replay save [####------------------------]  14.4%  Replay save [####------------------------]  14.4%  Replay save [####------------------------]  14.5%  Replay save [####------------------------]  14.5%  Replay save [####------------------------]  14.5%  Replay save [####------------------------]  14.6%  Replay save [####------------------------]  14.6%  Replay save [####------------------------]  14.6%  Replay save [####------------------------]  14.7%  Replay save [####------------------------]  14.7%  Replay save [####------------------------]  14.7%  Replay save [####------------------------]  14.8%  Replay save [####------------------------]  14.8%  Replay save [####------------------------]  14.8%  Replay save [####------------------------]  14.9%  Replay save [####------------------------]  14.9%  Replay save [####------------------------]  14.9%  Replay save [####------------------------]  15.0%  Replay save [####------------------------]  15.0%  Replay save [####------------------------]  15.0%  Replay save [####------------------------]  15.1%  Replay save [####------------------------]  15.1%  Replay save [####------------------------]  15.1%  Replay save [####------------------------]  15.2%  Replay save [####------------------------]  15.2%  Replay save [####------------------------]  15.2%  Replay save [####------------------------]  15.3%  Replay save [####------------------------]  15.3%  Replay save [####------------------------]  15.3%  Replay save [####------------------------]  15.4%  Replay save [####------------------------]  15.4%  Replay save [####------------------------]  15.4%  Replay save [####------------------------]  15.5%  Replay save [####------------------------]  15.5%  Replay save [####------------------------]  15.5%  Replay save [####------------------------]  15.6%  Replay save [####------------------------]  15.6%  Replay save [####------------------------]  15.6%  Replay save [####------------------------]  15.7%  Replay save [####------------------------]  15.7%  Replay save [####------------------------]  15.7%  Replay save [####------------------------]  15.7%  Replay save [####------------------------]  15.8%  Replay save [####------------------------]  15.8%  Replay save [####------------------------]  15.8%  Replay save [####------------------------]  15.9%  Replay save [####------------------------]  15.9%  Replay save [####------------------------]  15.9%  Replay save [####------------------------]  16.0%  Replay save [####------------------------]  16.0%  Replay save [####------------------------]  16.0%  Replay save [#####-----------------------]  16.1%  Replay save [#####-----------------------]  16.1%  Replay save [#####-----------------------]  16.1%  Replay save [#####-----------------------]  16.2%  Replay save [#####-----------------------]  16.2%  Replay save [#####-----------------------]  16.2%  Replay save [#####-----------------------]  16.3%  Replay save [#####-----------------------]  16.3%  Replay save [#####-----------------------]  16.3%  Replay save [#####-----------------------]  16.4%  Replay save [#####-----------------------]  16.4%  Replay save [#####-----------------------]  16.4%  Replay save [#####-----------------------]  16.5%  Replay save [#####-----------------------]  16.5%  Replay save [#####-----------------------]  16.5%  Replay save [#####-----------------------]  16.6%  Replay save [#####-----------------------]  16.6%  Replay save [#####-----------------------]  16.6%  Replay save [#####-----------------------]  16.7%  Replay save [#####-----------------------]  16.7%  Replay save [#####-----------------------]  16.7%  Replay save [#####-----------------------]  16.8%  Replay save [#####-----------------------]  16.8%  Replay save [#####-----------------------]  16.8%  Replay save [#####-----------------------]  16.9%  Replay save [#####-----------------------]  16.9%  Replay save [#####-----------------------]  16.9%  Replay save [#####-----------------------]  17.0%  Replay save [#####-----------------------]  17.0%  Replay save [#####-----------------------]  17.0%  Replay save [#####-----------------------]  17.1%  Replay save [#####-----------------------]  17.1%  Replay save [#####-----------------------]  17.1%  Replay save [#####-----------------------]  17.2%  Replay save [#####-----------------------]  17.2%  Replay save [#####-----------------------]  17.2%  Replay save [#####-----------------------]  17.3%  Replay save [#####-----------------------]  17.3%  Replay save [#####-----------------------]  17.3%  Replay save [#####-----------------------]  17.4%  Replay save [#####-----------------------]  17.4%  Replay save [#####-----------------------]  17.4%  Replay save [#####-----------------------]  17.5%  Replay save [#####-----------------------]  17.5%  Replay save [#####-----------------------]  17.5%  Replay save [#####-----------------------]  17.6%  Replay save [#####-----------------------]  17.6%  Replay save [#####-----------------------]  17.6%  Replay save [#####-----------------------]  17.7%  Replay save [#####-----------------------]  17.7%  Replay save [#####-----------------------]  17.7%  Replay save [#####-----------------------]  17.8%  Replay save [#####-----------------------]  17.8%  Replay save [#####-----------------------]  17.8%  Replay save [#####-----------------------]  17.9%  Replay save [#####-----------------------]  17.9%  Replay save [#####-----------------------]  17.9%  Replay save [#####-----------------------]  18.0%  Replay save [#####-----------------------]  18.0%  Replay save [#####-----------------------]  18.0%  Replay save [#####-----------------------]  18.1%  Replay save [#####-----------------------]  18.1%  Replay save [#####-----------------------]  18.1%  Replay save [#####-----------------------]  18.2%  Replay save [#####-----------------------]  18.2%  Replay save [#####-----------------------]  18.2%  Replay save [#####-----------------------]  18.3%  Replay save [#####-----------------------]  18.3%  Replay save [#####-----------------------]  18.3%  Replay save [#####-----------------------]  18.4%  Replay save [#####-----------------------]  18.4%  Replay save [#####-----------------------]  18.4%  Replay save [#####-----------------------]  18.5%  Replay save [#####-----------------------]  18.5%  Replay save [#####-----------------------]  18.5%  Replay save [#####-----------------------]  18.6%  Replay save [#####-----------------------]  18.6%  Replay save [#####-----------------------]  18.6%  Replay save [#####-----------------------]  18.7%  Replay save [#####-----------------------]  18.7%  Replay save [#####-----------------------]  18.7%  Replay save [#####-----------------------]  18.8%  Replay save [#####-----------------------]  18.8%  Replay save [#####-----------------------]  18.8%  Replay save [#####-----------------------]  18.9%  Replay save [#####-----------------------]  18.9%  Replay save [#####-----------------------]  18.9%  Replay save [#####-----------------------]  19.0%  Replay save [#####-----------------------]  19.0%  Replay save [#####-----------------------]  19.0%  Replay save [#####-----------------------]  19.1%  Replay save [#####-----------------------]  19.1%  Replay save [#####-----------------------]  19.1%  Replay save [#####-----------------------]  19.2%  Replay save [#####-----------------------]  19.2%  Replay save [#####-----------------------]  19.2%  Replay save [#####-----------------------]  19.2%  Replay save [#####-----------------------]  19.3%  Replay save [#####-----------------------]  19.3%  Replay save [#####-----------------------]  19.3%  Replay save [#####-----------------------]  19.4%  Replay save [#####-----------------------]  19.4%  Replay save [#####-----------------------]  19.4%  Replay save [#####-----------------------]  19.5%  Replay save [#####-----------------------]  19.5%  Replay save [#####-----------------------]  19.5%  Replay save [#####-----------------------]  19.6%  Replay save [#####-----------------------]  19.6%  Replay save [######----------------------]  19.6%  Replay save [######----------------------]  19.7%  Replay save [######----------------------]  19.7%  Replay save [######----------------------]  19.7%  Replay save [######----------------------]  19.8%  Replay save [######----------------------]  19.8%  Replay save [######----------------------]  19.8%  Replay save [######----------------------]  19.9%  Replay save [######----------------------]  19.9%  Replay save [######----------------------]  19.9%  Replay save [######----------------------]  20.0%  Replay save [######----------------------]  20.0%  Replay save [######----------------------]  20.0%  Replay save [######----------------------]  20.1%  Replay save [######----------------------]  20.1%  Replay save [######----------------------]  20.1%  Replay save [######----------------------]  20.2%  Replay save [######----------------------]  20.2%  Replay save [######----------------------]  20.2%  Replay save [######----------------------]  20.3%  Replay save [######----------------------]  20.3%  Replay save [######----------------------]  20.3%  Replay save [######----------------------]  20.4%  Replay save [######----------------------]  20.4%  Replay save [######----------------------]  20.4%  Replay save [######----------------------]  20.5%  Replay save [######----------------------]  20.5%  Replay save [######----------------------]  20.5%  Replay save [######----------------------]  20.6%  Replay save [######----------------------]  20.6%  Replay save [######----------------------]  20.6%  Replay save [######----------------------]  20.7%  Replay save [######----------------------]  20.7%  Replay save [######----------------------]  20.7%  Replay save [######----------------------]  20.8%  Replay save [######----------------------]  20.8%  Replay save [######----------------------]  20.8%  Replay save [######----------------------]  20.9%  Replay save [######----------------------]  20.9%  Replay save [######----------------------]  20.9%  Replay save [######----------------------]  21.0%  Replay save [######----------------------]  21.0%  Replay save [######----------------------]  21.0%  Replay save [######----------------------]  21.1%  Replay save [######----------------------]  21.1%  Replay save [######----------------------]  21.1%  Replay save [######----------------------]  21.2%  Replay save [######----------------------]  21.2%  Replay save [######----------------------]  21.2%  Replay save [######----------------------]  21.3%  Replay save [######----------------------]  21.3%  Replay save [######----------------------]  21.3%  Replay save [######----------------------]  21.4%  Replay save [######----------------------]  21.4%  Replay save [######----------------------]  21.4%  Replay save [######----------------------]  21.5%  Replay save [######----------------------]  21.5%  Replay save [######----------------------]  21.5%  Replay save [######----------------------]  21.6%  Replay save [######----------------------]  21.6%  Replay save [######----------------------]  21.6%  Replay save [######----------------------]  21.7%  Replay save [######----------------------]  21.7%  Replay save [######----------------------]  21.7%  Replay save [######----------------------]  21.8%  Replay save [######----------------------]  21.8%  Replay save [######----------------------]  21.8%  Replay save [######----------------------]  21.9%  Replay save [######----------------------]  21.9%  Replay save [######----------------------]  21.9%  Replay save [######----------------------]  22.0%  Replay save [######----------------------]  22.0%  Replay save [######----------------------]  22.0%  Replay save [######----------------------]  22.1%  Replay save [######----------------------]  22.1%  Replay save [######----------------------]  22.1%  Replay save [######----------------------]  22.2%  Replay save [######----------------------]  22.2%  Replay save [######----------------------]  22.2%  Replay save [######----------------------]  22.3%  Replay save [######----------------------]  22.3%  Replay save [######----------------------]  22.3%  Replay save [######----------------------]  22.4%  Replay save [######----------------------]  22.4%  Replay save [######----------------------]  22.4%  Replay save [######----------------------]  22.5%  Replay save [######----------------------]  22.5%  Replay save [######----------------------]  22.5%  Replay save [######----------------------]  22.6%  Replay save [######----------------------]  22.6%  Replay save [######----------------------]  22.6%  Replay save [######----------------------]  22.6%  Replay save [######----------------------]  22.7%  Replay save [######----------------------]  22.7%  Replay save [######----------------------]  22.7%  Replay save [######----------------------]  22.8%  Replay save [######----------------------]  22.8%  Replay save [######----------------------]  22.8%  Replay save [######----------------------]  22.9%  Replay save [######----------------------]  22.9%  Replay save [######----------------------]  22.9%  Replay save [######----------------------]  23.0%  Replay save [######----------------------]  23.0%  Replay save [#########-------------------]  32.0%  Replay save [###########-----------------]  41.0%  Replay save [##############--------------]  50.0%  Replay save [#################-----------]  59.0%  Replay save [###################---------]  68.0%  Replay save [######################------]  77.0%  Replay save [########################----]  86.0%  Replay save [###########################-]  95.0%  Replay save [###########################-]  97.0%  Replay save [############################] 100.0%
  Replay buffer saved: 139863 MB in 147.8s
Final model & settings saved
Shutdown complete
